C1=0.1;
C2=1;
R1=0.1;
R2=10;